# oST version 5.0 parameters


[image]

width
1024

height
1024

[narrow_stereo]

camera matrix
1146.400485 0.000000 497.044978
0.000000 1142.440508 498.755012
0.000000 0.000000 1.000000

distortion
-0.310282 0.146101 0.001371 -0.000252 0.000000

rectification
1.000000 0.000000 0.000000
0.000000 1.000000 0.000000
0.000000 0.000000 1.000000

projection
1072.958984 0.000000 494.335553 0.000000
0.000000 1068.925415 497.702424 0.000000
0.000000 0.000000 1.000000 0.000000
