cam0:
  cam_overlaps: [1, 3]
  camera_model: pinhole
  distortion_coeffs: [-0.0016509958435871643, 0.02437222940989351, -0.03582816956989852,
    0.019860839087717054]
  distortion_model: equidistant
  intrinsics: [461.487246372674, 460.1113992557959, 356.39105303227853, 231.15719697054647]
  resolution: [752, 480]
  rostopic: /cam0/image_raw
cam1:
  T_cn_cnm1:
  - [0.9999987703316401, 0.0011891090293591699, -0.0010224259962834177, -0.11016759824092018]
  - [-0.0011883808160330711, 0.9999990400088897, 0.0007125533866886033, -0.0003216647632433766]
  - [0.0010232723184295653, -0.0007113374790444545, 0.9999992234560721, 0.00012078907255410462]
  - [0.0, 0.0, 0.0, 1.0]
  cam_overlaps: [0, 3]
  camera_model: pinhole
  distortion_coeffs: [-0.0009362378060020789, 0.018833308358932984, -0.030558453797100132,
    0.01955083559432553]
  distortion_model: equidistant
  intrinsics: [462.4318044040118, 461.1780497604126, 377.0119530476368, 226.49966248854923]
  resolution: [752, 480]
  rostopic: /cam1/image_raw

