cam0:
  T_cam_imu:
  - [-0.02002942994227297, 0.9997457624484445, 0.010355307941636107, -0.023728153458184915]
  - [-0.9997772564366136, -0.019958992967339384, -0.006861203378949565, -0.048094671204124195]
  - [-0.006652777485020027, -0.010490427355843582, 0.9999228427661939, 0.05062298507135453]
  - [0.0, 0.0, 0.0, 1.0]
  cam_overlaps: []
  camera_model: pinhole
  distortion_coeffs: [-0.2884124212277216, 0.0953459294071787, 0.0008925309684333832,
    5.555044711312774e-05]
  distortion_model: radtan
  intrinsics: [1137.6778305387977, 1144.0919454590316, 996.3853260783424, 780.1023320702924]
  resolution: [2048, 1542]
  rostopic: /camera/image_raw
  timeshift_cam_imu: -0.1388960629466736
